angle
0.00667352
90.8767
-169.963
-55.6533
64.1667
174.277
-89.0833
11.7467
127.217
-113.273
-4.66333
90.2367
-173.023
-61.4633
58.5167
171.537
-90.6133
1.05667
101.037
-143.953
-24.2933
84.9267
-179.203
-79.2033
35.6467
155.347
-95.2233
0.666674
100.177
-145.413
-25.6133
84.3667
-179.363
-79.7633
34.6867
154.477
-95.5933
0.876674
101.497
-143.193
-23.6233
85.1967
-179.493
-81.0333
32.4267
152.377
-96.5333
0.976674
102.427
-141.693
-22.3333
85.7067
-179.453
-81.0333
32.4267
152.377
-96.5333
0.976674
102.427
-141.693
-22.3333
85.7067
-179.453
-81.0333
32.4267
152.377
-96.5333
0.976674
102.427
-141.693
-22.3333
85.7067
-179.453
-81.0333
32.4267
152.377
-96.5333
0.976674
102.427
-141.693
-22.3333
85.7067
-179.443
-80.9633
32.5567
152.497
-96.4833
0.446674
99.6567
-146.323
-26.4433
84.0067
-179.043
-77.9533
37.6967
157.147
-94.4933
0.906674
101.127
-143.803
-24.1633
84.9767
-179.553
-81.2733
31.9767
151.947
-96.7433
0.596674
100.647
-144.603
-24.8733
84.6867
-179.303
-79.6333
34.9167
154.687
-95.5033
0.566674
99.7667
-146.133
-26.2733
84.0767
-179.253
-79.0133
35.9667
155.637
-95.1033
0.516674
99.1967
-147.153
-27.2233
83.6467
-179.363
-79.3733
35.3567
155.087
-95.3333
0.736674
100.627
-144.643
-24.9133
84.6667
-179.263
-79.3733
35.3567
155.087
-95.3333
0.736674
100.627
-144.643
-24.9133
84.6667
-179.263
-79.3733
35.3567
155.087
-95.3333
0.736674
100.627
-144.643
-24.9133
84.6667
-179.263
-79.3733
35.3567
155.087
-95.3333
0.736674
100.627
-144.643
-24.9133
84.6667
-179.263
-79.3733
35.3567
155.087
-95.3333
0.736674
100.627
-144.643
-24.9133
84.6667
-179.263
-79.3733
35.3567
155.087
-95.3333
0.736674
100.627
-144.643
-24.9133
84.6667
-179.263
-79.3733
35.3567
155.087
-95.3333
0.736674
100.627
-144.643
-24.9133
84.6667
-179.263
-79.3733
35.3567
155.087
-95.3333
0.736674
100.627
-144.643
-24.9133
84.6667
-179.263
-79.3733
35.3567
155.087
-95.3333
0.736674
100.627
-144.643
-24.9133
84.6667
-179.263
-79.3733
35.3567
155.087
-95.3333
0.736674
100.627
-144.643
-24.9133
84.6667
-179.263
-79.3733
35.3567
155.087
-95.3333
0.736674
100.627
-144.643
-24.9133
84.6667
-179.263
-79.3733
35.3567
155.087
-95.3333
0.736674
100.627
-144.643
-24.9133
84.6667
-179.263
-79.3733
35.3567
155.087
-95.3333
0.736674
100.627
-144.643
-24.9133
84.6667
-179.263
-79.3733
35.3567
155.087
-95.3333
0.736674
100.627
-144.643
-24.9133
84.6667
-179.263
-79.3733
35.3567
155.087
-95.3333
0.736674
100.627
-144.643
-24.9133
84.6667
-179.263
-79.3733
35.3567
155.087
-95.3333
0.736674
100.627
-144.643
-24.9133
84.6667
-179.263
-79.3733
35.3567
155.087
-95.3333
0.736674
100.627
-144.643
-24.9133
84.6667
-179.263
-79.3733
35.3567
155.087
-95.3333
0.736674
100.627
-144.643
-24.9133
84.6667
-179.263
-79.3733
35.3567
155.087
-95.3333
0.736674
100.627
-144.643
-24.9133
84.6667
-179.263
-79.3733
35.3567
155.087
-95.3333
0.736674
100.627
-144.643
-24.9133
84.6667
-179.263
-79.3733
35.3567
155.087
-95.3333
0.736674
100.627
-144.643
-24.9133
84.6667
-179.263
-79.3733
35.3567
155.087
-95.3333
0.736674
100.627
-144.643
-24.9133
84.6667
-179.263
-79.3733
35.3567
155.087
-95.3333
0.736674
100.627
-144.643
-24.9133
84.6667
-179.263
-79.3733
35.3567
155.087
-95.3333
0.736674
100.627
-144.643
-24.9133
84.6667
-179.263
-79.3733
35.3567
155.087
-95.3333
0.736674
100.627
-144.643
-24.9133
84.6667
-179.263
-79.3733
35.3567
155.087
-95.3333
0.736674
100.627
-144.643
-24.9133
84.6667
-179.263
-79.3733
35.3567
155.087
-95.3333
0.736674
100.627
-144.643
-24.9133
84.6667
-179.263
-79.3733
35.3567
155.087
-95.3333
0.736674
100.627
-144.643
-24.9133
84.6667
-179.263
-79.3733
35.3567
155.087
-95.3333
0.736674
100.627
-144.643
-24.9133
84.6667
-179.263
-79.3733
35.3567
155.087
-95.3333
0.736674
100.627
-144.643
-24.9133
84.6667
-179.263
-79.3733
35.3567
155.087
-95.3333
0.736674
100.627
-144.643
-24.9133
84.6667
-179.263
-79.3733
35.3567
155.087
-95.3333
0.736674
100.627
-144.643
-24.9133
84.6667
-179.263
-79.3733
35.3567
155.087
-95.3333
0.736674
100.627
-144.643
-24.9133
84.6667
-179.263
-79.3733
35.3567
155.087
-95.3333
0.736674
100.627
-144.643
-24.9133
84.6667
-179.263
-79.3733
35.3567
155.087
-95.3333
0.736674
100.627
-144.643
-24.9133
84.6667
-179.263
-79.3733
35.3567
155.087
-95.3333
0.736674
100.627
-144.643
-24.9133
84.6667
-179.263
-79.3733
35.3567
155.087
-95.3333
0.736674
100.627
-144.643
-24.9133
84.6667
-179.263
-79.3733
35.3567
155.087
-95.3333
0.736674
100.627
-144.643
-24.9133
84.6667
-179.263
-79.3733
35.3567
155.087
-95.3333
0.736674
100.627
-144.643
-24.9133
84.6667
-179.263
-79.3733
35.3567
155.087
-95.3333
0.736674
100.627
-144.643
-24.9133
84.6667
-179.263
-79.3733
35.3567
155.087
-95.3333
0.736674
100.627
-144.643
-24.9133
84.6667
-179.263
-79.3733
35.3567
155.087
-95.3333
0.736674
100.627
-144.643
-24.9133
84.6667
-179.263
-79.3733
35.3567
155.087
-95.3333
0.736674
100.627
-144.643
-24.9133
84.6667
-179.263
-79.3733
35.3567
155.087
-95.3333
0.736674
100.627
-144.643
-24.9133
84.6667
-179.263
-79.3733
35.3567
155.087
-95.3333
0.736674
100.627
-144.643
-24.9133
84.6667
-179.263
-79.3733
35.3567
155.087
-95.3333
0.736674
100.627
-144.643
-24.9133
84.6667
-179.263
-79.3733
35.3567
155.087
-95.3333
0.736674
100.627
-144.643
-24.9133
84.6667
-179.263
-79.3733
35.3567
155.087
-95.3333
0.736674
100.627
-144.643
-24.9133
84.6667
-179.263
-79.3733
35.3567
155.087
-95.3333
0.736674
100.627
-144.643
-24.9133
84.6667
-179.263
-79.3733
35.3567
155.087
-95.3333
0.736674
100.627
-144.643
-24.9133
84.6667
-179.263
-79.3733
35.3567
155.087
-95.3333
0.736674
100.627
-144.643
-24.9133
84.6667
-179.263
-79.3733
35.3567
155.087
-95.3333
0.736674
100.627
-144.643
-24.9133
84.6667
-179.263
-79.3733
35.3567
155.087
-95.3333
0.736674
100.627
-144.643
-24.9133
84.6667
-179.263
-79.3733
35.3567
155.087
-95.3333
0.736674
100.627
-144.643
-24.9133
84.6667
-179.263
-79.3733
35.3567
155.087
-95.3333
0.736674
100.627
-144.643
-24.9133
84.6667
-179.263
-79.3733
35.3567
155.087
-95.3333
0.736674
100.627
-144.643
-24.9133
84.6667
-179.263
-79.3733
35.3567
155.087
-95.3333
0.736674
100.627
-144.643
-24.9133
84.6667
-179.263
-79.3733
35.3567
155.087
-95.3333
0.736674
100.627
-144.643
-24.9133
84.6667
-179.263
-79.3733
35.3567
155.087
-95.3333
0.736674
100.627
-144.643
-24.9133
84.6667
-179.263
-79.3733
35.3567
155.087
-95.3333
0.736674
100.627
-144.643
-24.9133
84.6667
-179.263
-79.3733
35.3567
155.087
-95.3333
0.736674
100.627
-144.643
-24.9133
84.6667
-179.263
-79.3733
35.3567
155.087
-95.3333
0.736674
100.627
-144.643
-24.9133
84.6667
-179.263
-79.3733
35.3567
155.087
-95.3333
0.736674
100.627
-144.643
-24.9133
84.6667
-179.263
-79.3733
35.3567
155.087
-95.3333
0.736674
100.627
-144.643
-24.9133
84.6667
-179.263
-79.3733
35.3567
155.087
-95.3333
0.736674
100.627
-144.643
-24.9133
84.6667
-179.263
-79.3733
35.3567
155.087
-95.3333
0.736674
100.627
-144.643
-24.9133
84.6667
-179.263
-79.3733
35.3567
155.087
-95.3333
0.736674
100.627
-144.643
-24.9133
84.6667
-179.263
-79.3733
35.3567
155.087
-95.3333
0.736674
100.627
-144.643
-24.9133
84.6667
-179.263
-79.3733
35.3567
155.087
-95.3333
0.736674
100.627
-144.643
-24.9133
84.6667
-179.263
-79.3733
35.3567
155.087
-95.3333
0.736674
100.627
-144.643
-24.9133
84.6667
-179.263
-79.3733
35.3567
155.087
-95.3333
0.736674
100.627
-144.643
-24.9133
84.6667
-179.263
-79.3733
35.3567
155.087
-95.3333
0.736674
100.627
-144.643
-24.9133
84.6667
-179.263
-79.3733
35.3567
155.087
-95.3333
0.736674
100.627
-144.643
-24.9133
84.6667
-179.263
-79.3733
35.3567
155.087
-95.3333
0.736674
100.627
-144.643
-24.9133
84.6667
-179.263
-79.3733
35.3567
155.087
-95.3333
0.736674
100.627
-144.643
-24.9133
84.6667
-179.263
-79.3733
35.3567
155.087
-95.3333
0.736674
100.627
-144.643
-24.9133
84.6667
-179.263
-79.3733
35.3567
155.087
-95.3333
0.736674
100.627
-144.643
-24.9133
84.6667
-179.263
-79.3733
35.3567
155.087
-95.3333
0.736674
100.627
-144.643
-24.9133
84.6667
-179.263
-79.3733
35.3567
155.087
-95.3333
0.736674
100.627
-144.643
-24.9133
84.6667
-179.263
-79.3733
35.3567